0101012301901010113019
0101012302001010113020
0101012302101010113021
0101012302301010113023
0102022303201020213032
0102021301701020223017
0102021301801020223018
0102021301901020223019
0102021302001020223020
0102021303001020223030
0103031300801030323008
0103033301201030323012
0103033301301030323013
0103033301401030323014
0103031301601030323016
0103033301701030323017
0103031302001030323020
0103031302101030323022
0103031302201030323021
0103031302301030323023
0103031302401030323024
0103031302501030323025
0103031302601030323026
0103031302701030323027
0103031302801030323028
0103031302901030323029
0103031303001030323030
0103031303101030323031
0103031303201030323032
0103031303301030323033
0103031301501030323015
0104041304101040423041
0104041304201040423042
0104041304301040423043
0206013305202060132052
0207022300702070213007
0207022300802070213008
0207022300902070213009
0207022301002070213010
0207022301102070213011
0207022301202070213012
0207022301302070213013
0207022301402070213014
0207022301502070213015
0207022301602070213016
0207022302002070213020
0207022302102070213021
0207022302202070213022
0207022302302070213023
0207022302402070213024
0208031303002080323030
0208031303102080323031
0208031303402080323034
0208031303502080323035
0208031303602080323036
0208031303702080323037
0208031303802080323038
0208031303902080323039
0208031304002080323040
0208031304102080323041
0208031304202080323042
0208031304302080323043
0208031304402080323044
0208031304502080323045
0208031304602080323046
0209041303502090423035
0209041303602090423036
0209041303702090423037
0209041303802090423038
0210052301802100513018
0211061301202110613011
0211061301402110511026
0212671301202120713012
0000213121102131211023
0216131106602160913066
0216131106702160913067
0216131106902160913069
0216131107002160913070
0218111303402181112034
0218111303502181112035
0218111303602181112036
0218111303702181112037
0218111303802181112038
0218111303902181112039
0218111304002181112040
0218111304102181112041
0218111304202181112042
0218111304302181112043
0218111304402181112044
0218111304502181112045
0319012305603190133056
0320021203603200213036
0320021203803200213038
0320021303203200212032
0320021304303200212043
0320021304403200212044
0320021304503200212045
0320021305703200212057
0321031305803210323058
0323051200803230513008
0323051303003230512030
0323051303103230512031
0324061100103241011001
0324061100203241011002
0324061100303241011003
0324061100403241011004
0324061100503241011005
0324061100603241011006
0324061100703241011007
0324061100803241011008
0324061100903241011009
0324061101003241011010
0324061101103241011011
0324061101203241011012
0324061101303241011013
0324061101403241011014
0324061101503241011015
0324061101603241011016
0324061101703241011017
0324061101803241011018
0324061101903241011019
0324061102003241011020
0324061102103241011021
0324061102203241011022
0324061102303241011023
0324061102403241011024
0324061102503241011025
0324061102603241011026
0324061102703241011027
0324061102803241011028
0324061102903241011029
0324061103003241011030
0324061103103241011031
0324061103203241011032
0324061104003241011040
0324061105403241011054
0324061105503241011055
0324061105603241011056
0324061105703241011057
0324061106203241011062
0324061106303241011063
0324061106403241011064
0324061106503241011065
0324061106603241011066
0324061106703241011067
0324101108403241011042
0324101308403240413084
0325062301203250613012
0327111302803270813028
0327111302903270813029
0438011101104381111011
0438011301004381111010
0438011301204381111012
0438011301304381111013
0438011301404381111014
0438011301604381111016
0438011301704381111017
0438011301804381111018
0438011301904381111019
0438011302004381111020
0438011302104381111021
0438011302204381111022
0438011302304381111023
0438011302404381111024
0438011302504381111025
0438011302604381111026
0438011302704381111027
0438011302804381111028
0438011302904381111029
0438011303004381111030
0438011303104381111031
0438011303204381111032
0438011303304381111033
0438011303404381111034
0438011303604381111036
0438011303904381111039
0440032301204400333012
0444071302304440712023
0444071302704440712027
0444071302804440712028
0444071302904440712029
0444071303004440712030
0444071303104440712031
0444071303204440712032
0444071303304440712033
0444071303404440712034
0444071303504440712035
0444071303604440712036
0444071303704440712037
0444071303804440712038
0444071303904440712039
0445081301704450823017
0445081306704450823067
0445081306804450823068
0446091300304460923003
0446091300404460923004
0446091300804460923008
0446091300904460923009
0446091301004460923010
0446091301204460923012
0446091301304460923013
0446091301404460923014
0446091301704460923017
0446091301804460923018
0446091301904460923019
0446091302004460923020
0446091302104460923021
0446091302204460923022
0446091302304460923023
0446091302404460923024
0446091302504460923025
0446091302604460923026
0446091302704460923027
0446091302804460923028
0446091302904460923029
0446091303004460922030
0446091303104460922031
0446091303204460923032
0446091303304460923033
0446091303504460923035
0446091303704460923037
0446091303804460923038
0446091303904460923039
0446091304004460923040
0446091304104460923041
0446091304204460923042
0446091304404460923044
0446091304504460923045
0446091304704460923047
0446091305004460923050
0446091305604460923056
0446091305704460923057
0446091305804460923058
0446091305904460923059
0446091306004460923060
0446091306104460923061
0446091306204460923062
0446092203204460923032
0446092303004460922030
0446092303104460922031
0552053201105520523011
0660041301106600443011
0660041301206600443012
0660041301306600443013
0660041301406600443014
0660041301506600443015
0660041301606600443016
0660041301706600443017
0660041301806600443018
0660041301906600443019
0660041302006600443020
0660041302106600443021
0660041302206600443022
0660041302306600443023
0660041302406600443024
0660041302506600443025
0660041302606600443026
0660041302706600443027
0660041302806600443028
0660041302906600443029
0660041303006600443030
0660041303106600443031
0660041303206600443032
0660041303306600443033
0660041303406600443034
0660041303506600443035
0660041303606600443036
0660041303706600443037
0660041303806600443038
0660041303906600443039
0660041304006600443040
0660041304106600443041
0660041304206600443042
0660041304306600443043
0660041304406600443044
0660041304506600443045
0660041304606600443046
0660041304706600443047
0660041304806600443048
0660041304906600443049
0660041305006600443050
0661032302406610523024
0661032302506610523025
0661032302606610523026
0661052300506610522005
0661052301306610522013
0661052301406610522014
0661052301606610522016
0661052301706610522017
0661052306306610523036
0662064302506620643029
0662064304006620642040
0662604306306620643063
0663074302306630733023
0764014302207640143029
0765024306307650233063
0765024306407650233064
0767043302407670432024
0767043302507670432025
0768053202907680533029
0768053203007680533030
0768053203207680533032
0768053304207680532042
0768053304307680532043
0768053304407680532045
0768053304507680532044
0768053304607680532046
0768054303807680533038
0768054303907680533039
0768054304007680533040
0768054304107680533041
0869013306108690143061
0869043104308690143043
0869043104408690143044
0870023304208700243042
0870023304308700243043
0870023304408700243044
0977013302209770132022
0977013302309770132023
0977013304710770133047
1071013301810720133018
1072013205110720133051
1072013205210720133052
1072013205310720133053
1072013205410720133054
1072013205510720133055
1072013205610720133056
1072013205710720133057
1072013205810720133058
1072013205910720133059
1072013300910720132009
1072013301010720132010
1072013301110720132011
1072013301210720132012
1072013301310720132013
1072013303710720132037
1072013303810720132038
1072013303910720132039
1072013304010720132040
1072013304110720132041
1072013304210720132042
1072013304310720132043
1072013304510720132045
1074063102710740333027
1074063105210740333052
1074063105310740333053
1074063105410740333054
1074063105510740333055
1074063105610740333056
1074063105710740333057
1074063105810740333058
1074063105910740333059
1074063106010740333060
1074063106110740333061
1074063106210740333062
1074063106310740333063
1074063106410740343064
1074063106510740343065
1074063106610740343066
1074063106710740343067
1074063106810740343068
1074063106910740343069
1074063107010740343070
1074063107110740343071
1074063107210740343072
1074063107310740343073
1074063107410740343074
1074063107510740343075
1074063107610740343076
1074063107710740343077
1074063107810740343078
1074063107910740343079
1074063108010740343080