Age Groups    Males      Female     Total    Sex Ratio
------------------------------------------------------
   0 -  4        12        21         33         57
   5 -  9        24        15         39        160
  10 - 14        23        28         51         82
  15 - 19        20        32         52         62
  20 - 24        21        31         52         67
  25 - 29        12        15         27         80
  30 - 34        11        12         23         91
  35 - 39        11        10         21        110
  40 - 44        13        11         24        118
  45 - 49         6        12         18         50
  50 - 54         6         6         12        100
  55 - 59         3        12         15         25
  60 - 64         7         8         15         87
  65 - 69         5         1          6        500
  70 - 74         0         2          2          0
  75 - 79         1         5          6         20
  80 - 84         0         3          3          0
  85 - 89         0         1          1          0
  90 - 94         0         0          0           
  95 - 99         0         0          0           
  100+            0         0          0            
------------------------------------------------------
--------------------END OF REPORT---------------------
